-2.379082419320054098e-01 4.634334937736074855e-01 3.273470626544909279e-01 4.055753048197933142e-01
-2.130430757525171859e-01 3.290007657052265166e-01 -4.305832135200192146e-01 7.101923858595257100e-01
1.031009005087094865e-01 6.616081968676477965e-02 -2.316001899586426493e-01 -5.455178715509321208e-01
6.002033427764237317e-01 7.512173285039961401e-01 -9.564288923103813067e-01 1.152502017727957684e+00
1.257103700054592155e+00 3.541212363728530321e-01 -1.309519548478626227e-01 -1.061877122729519618e+00
-5.302589184152947110e-01 -1.444364252413758098e+00 2.563376547376712833e-01 6.891369010840878162e-02
3.002976221511484689e-01 -6.516636897055634314e-01 -3.510612772010692217e-01 6.806769923656998955e-01
-7.740120872845370759e-01 -1.378171259263442569e-02 -2.509684847779116712e-01 1.296384010904281459e+00
1.472185857153074373e-01 5.356801107486944824e-01 -6.572372117829913818e-02 6.538819315399698739e-01
5.425873684606099534e-01 -1.852015509148946804e-01 -5.232344806831102924e-01 2.558339244020932379e-01
-5.266978890913419642e-01 2.655380098064863414e-01 8.576472646229117425e-01 -3.343195357592279593e-01
-1.123294213782022738e-01 5.403443117772511739e-01 4.644289443317091703e-01 -2.987284333764564925e-01
1.220700614786706349e-02 -9.075398200734084708e-02 -1.120803006929094181e+00 3.632005119514465363e-01
-3.703523344447786636e-01 -4.247226860099204693e-01 1.099242959029971267e+00 -4.337066651195905370e-02
4.573849842208554950e-01 9.647189820250273717e-01 -8.947700340865276658e-01 -7.344515152631995170e-01
-1.516889891408851609e-01 -1.333505522032843171e-01 1.828182203916646487e-01 1.155135004648304209e+00
7.183522932185767984e-02 -1.047139034881920117e-01 -4.017680526198859625e-01 1.146789516754458116e-01
-5.601681972729775083e-01 7.110395743673117996e-01 -7.458506944989313769e-01 1.760360616932739597e-01
-1.382958355943947060e-01 1.236572683342346268e+00 9.079973945075604513e-01 2.020147210138699134e-01
-3.026687833705816177e-01 -1.086883959642637176e-01 2.817684994285563072e-01 -3.115449685724708817e-01
-2.563354336733922323e-01 -6.435229970292865032e-01 -6.355936990467346837e-01 1.998016351009225255e-01
2.440852814933260895e-01 -6.519019048593679422e-01 4.606542743610486657e-01 -5.457554719485750994e-01
-4.765590098139370623e-01 2.021750475737978670e-01 4.233072369576691973e-01 7.079629915443678145e-01
1.261879249653502955e+00 2.805995022171448583e-01 -1.057665954645139461e+00 -8.689804502108545714e-01
-6.689861887295659448e-01 -1.140121064406087459e-01 1.068556932029914641e+00 -1.901659588753514540e-01
-5.812316126295975494e-01 -4.429257763270769699e-01 3.456434978424939575e-02 4.139399422567410086e-02
-3.470532300670546855e-01 7.011974647715650891e-03 8.628667716900089157e-01 -4.262623419648128298e-01
2.951500337858895939e-03 -4.382631778934085315e-03 -1.346809174366338929e-02 1.363641645831724647e-01
4.117532312136801820e-01 -6.313523300687681750e-02 -2.008221117419728696e-01 4.776978574100717440e-02
-6.590558252670064565e-01 -1.940631294753110414e-01 -3.539496340683852549e-01 2.031649316685880946e-02
-4.295597534689012953e-01 2.157631778998867489e-01 4.265511523763105828e-01 6.051920231049359167e-01
-4.762922634542803846e-01 4.581819980827505079e-01 -8.915104340928696469e-02 -7.090140974264080853e-01
-3.012472371153459560e-01 2.395349947689465742e-01 -4.966100917698945683e-01 -1.412924600017558374e+00
-3.471154969341006535e-01 -8.665334228797627603e-01 6.887416463358210228e-01 -4.960916723067200218e-01
3.463116551031913959e-01 1.560033645989727102e-01 -4.757263751974633026e-01 9.216876853891017296e-01
2.545853562778889190e-01 8.766216328042795158e-01 -5.446010363514385277e-01 2.744791606111810639e-02
-6.656506293491373238e-01 -4.513069105847780649e-01 1.687180998769997192e-02 2.545433856194608824e-01
-5.950536090829246227e-02 -1.990456745883361633e-01 3.023081380118808892e-01 -3.068994316461656213e-01
1.420830317377284185e-02 -8.258933548593765384e-01 8.943487727030557943e-02 3.445642674605386979e-01
-5.187420217601259598e-01 -4.008420616532818448e-01 3.432281877887279342e-01 -1.062058164691776829e+00
-4.810765391992958273e-01 -4.131207003244644627e-01 -2.816157236367209937e-01 3.789052262494910228e-01
9.604078591027810363e-01 -4.332444585213450772e-01 1.505227439681623147e-01 -4.237944450221086679e-01
-2.100451119210394457e-01 5.709264937476938861e-01 -4.923253391601686846e-01 1.855354057005017265e-01
-2.999486727328672386e-01 1.390008556737280521e-01 -1.070391014772401173e+00 2.393233552362847572e-01
2.579448875934955421e-01 3.492088324832876012e-02 3.483505138869381623e-01 -2.551625626356332499e-01
-5.535935013367077051e-01 -2.531482087981802853e-01 -4.022857308865648296e-01 8.616438606075458306e-01
3.187224941481226481e-01 -3.372247566490050863e-01 4.780122596037880700e-01 -1.808929446442251732e-01
2.196198912154878335e-01 7.274720314823414358e-02 4.230421299505324195e-01 -8.108053987795662554e-01
-1.118426031630557482e-01 -8.740089537100106942e-02 -2.020683685547616515e-01 2.884926054819530461e-01
4.495867059196893001e-01 2.950969295346059923e-02 3.734960462531788927e-01 -8.866441610975313303e-02
8.399387888173165395e-02 -4.718824582051307504e-01 5.554733520183736672e-01 1.423916822441747998e+00
-1.316764411435176856e-02 -2.054568582544023247e-01 1.970730413115850954e-01 2.059991728950886711e-02
-1.144741181367555649e+00 4.306407740870994982e-01 -6.676992614720118902e-02 3.545803832168670233e-02
-4.777879023922650958e-01 -2.095904042428635705e-01 -1.969181012779152307e-01 -1.169946495892001392e-01
-2.783247920167344902e-01 5.910934753069022052e-02 1.398581123194073406e-01 1.355302011496099801e-01
-4.570005490954017757e-01 -2.909435558960121737e-01 -3.658218284630763706e-01 -6.827283892810892540e-01
5.464552147289464257e-01 8.363493817747684744e-01 -8.039735986791212152e-01 8.242106818357393117e-01
-1.268839388214096364e-01 -4.723507978495313647e-02 -1.262901865004578406e-01 -4.769632756276691310e-02
-5.292198265771311805e-01 4.481957379019432253e-01 3.544000841787312006e-01 -1.972123427168028797e-01
-2.631242345671132576e-01 2.438200085697930231e-01 3.229175004389521764e-01 -5.769571201235954572e-01
-5.865174496845513286e-01 -3.655434328072366679e-01 -1.073614038121851050e-01 -5.288927700451236807e-02
-1.113002939480781522e-01 1.298248495868886465e+00 8.442717053670636962e-02 -8.383826513179827300e-01
3.363202971423032706e-01 -7.197205648509783504e-01 2.062846072980947243e-01 4.199765793604799402e-01
-5.793544260485132824e-01 3.961733734503493087e-01 6.812728752134067367e-02 -5.339431915867210998e-01
4.342841252500980742e-01 7.858519435890218841e-01 -3.593416938975820818e-01 2.780192610976243706e-01
5.917174722975663270e-01 -6.983352452886008865e-02 -2.321953029244752317e-02 -7.458373874922425983e-01
-7.253968031435320540e-02 -2.664675150015912708e-01 -5.184107944951661384e-01 -2.969833002891923979e-01
-4.680361473762565949e-01 -1.818419804565757358e-01 -4.629253943039523533e-01 1.099743897673523957e-01
-8.430964163927672228e-01 -1.426875945085679387e-01 -3.560392433289188280e-02 9.279792240689445082e-01
2.592992687296646892e-01 3.599773118026611957e-02 3.915956626478306335e-01 -1.999182667066717045e-01
3.860064769716858163e-02 1.288196528719819933e-01 -2.533215882004691832e-01 -6.910201271154879921e-01
6.180333021686771344e-01 -3.992545812884101125e-02 -4.560813491929164298e-01 -4.449621071705693320e-01
-1.018777582239718926e+00 5.572025416477480730e-01 -9.455369925966716771e-02 2.960064519196026200e-01
-5.072782503400055099e-01 -3.881033090848500788e-01 -9.056015275372044648e-01 -6.991246076319634906e-01
-5.505004620423306627e-02 4.288704662029124703e-01 8.219166594411436710e-01 3.279801280917760686e-01
-4.995754220822841429e-02 1.967560040317795078e-01 -4.047228438330952027e-01 3.830409293556470973e-01
3.205352117344457269e-02 2.735767330533029340e-01 7.637182842437408026e-02 9.429678706238198149e-02
-2.751657719158244197e-01 3.302828028764930313e-01 1.144437494144295159e-01 -7.495279113509892288e-02
5.016984920005631565e-01 3.253888617241001979e-01 -7.804509413742324320e-01 -1.995183510000700378e-01
9.392411631325062182e-02 -5.140969556745791369e-01 1.163101992647958827e-01 5.943337448601982986e-01
-3.538455863776939214e-01 1.084410864232392829e-01 3.494860807430738570e-01 2.870541302547315321e-01
-3.040748848428113590e-02 -6.823113523636442634e-01 2.048087894572721002e-01 -2.777438275078422669e-01
9.686103948722811774e-01 2.900942033454136926e-01 -1.019541316988100910e+00 -4.137948289042096550e-01
-1.735449432349985277e-01 1.490501356035442981e-01 5.131466475295720642e-01 -1.071123709714851824e+00
4.216124075780751657e-01 5.785150723377879833e-01 -2.574041995557274642e-01 1.068887054403308889e+00
3.528864911071949995e-01 -5.244462638663409670e-01 7.490723403512833389e-02 7.671318368853705105e-02
-3.141645548991660042e-01 -7.153267170224545390e-01 3.198637800058836689e-01 -1.077993661071063036e-01
1.266664262161583787e+00 -3.267271338075463105e-01 5.371148874445461630e-01 -1.940301750718319718e-03
9.535560746599668347e-01 -2.956936437894365777e-01 1.198067306398477132e-02 -5.051457217370362018e-01
-4.184341446533514780e-02 9.839886923580397349e-02 6.292707401204719053e-01 4.214445973695587488e-01
-6.912450145393707057e-01 1.833554140654709008e-01 -5.543873777736907371e-01 -7.539798285042703663e-01
3.101463486573530215e-01 4.123198270371953300e-01 -1.055609421662632164e+00 4.351049622875316492e-01
-4.439068409339522736e-01 3.520546570306983258e-01 -6.367746882362775862e-01 1.148502168206090406e-02
-2.327710974011207856e-01 9.312131186480250289e-01 1.500908460234551822e-01 1.021522993604409985e-01
-9.822151456994779317e-02 9.719946567430884921e-01 -1.303576553776287561e+00 4.668733438990582685e-01
-2.431655346954432195e-01 -2.814710227314454194e-02 4.087517544288709614e-01 -3.694177707700755375e-01
1.525361128368831615e-02 2.053507612277606295e-02 -2.713657444639211436e-01 -4.836426895257886494e-02
7.502496975422430214e-01 -8.809876926231700045e-01 3.753816815609058999e-01 2.744488496942558142e-01
-5.003988748161503075e-01 1.098612984531280590e-01 1.965184164893606367e-01 -1.411117519948648369e-01
1.237865675291199424e-01 -3.887816768931266487e-01 2.578350908529420948e-01 -6.202706488742727453e-01
-7.039466906017400882e-01 4.081807068691163942e-01 -2.537217543898317995e-01 2.368440262085866055e-01
-1.141946417469490160e-01 4.524304347669549919e-01 2.227750111387911680e-01 -4.118754217217606706e-01
-1.291907179901890246e-01 -6.634380936322384348e-02 5.326571302859233192e-01 9.054206653634947477e-01
-4.168638977617907804e-01 -4.672773717892576562e-01 9.583518772349805537e-02 1.543308294130465996e-01
-4.507093763563725930e-01 9.261315510833099951e-02 -1.113107915202043774e+00 -2.875933377980394723e-01
4.941118195577887673e-01 -6.334387425209754563e-02 2.948772160602109449e-01 -3.162887017850239957e-01
3.889372972716713672e-01 4.585692026156467094e-01 -9.788934923922310016e-02 5.447527685426973854e-01
-2.557993834312030090e-01 8.166521986442233372e-01 2.426468479667442599e-02 2.595028620022333393e-02
1.023202062411308955e+00 5.631085513003935006e-01 -3.251511905344576792e-01 2.271912722543977803e-01
-8.579013181778293307e-01 -1.334234173455400019e-01 -4.816264650874483300e-01 8.137771299948728942e-02
2.821448400285967439e-01 9.721696963127351987e-02 6.356143267289479908e-04 3.328070030614643238e-01
2.516437713372857710e-01 -9.761103988147987621e-04 3.745277906716624750e-01 1.522975220339773395e-01
-1.296180425649094081e+00 5.081961724642551914e-01 2.561308967088614108e-01 9.641072657271355650e-01
-4.645215416560914412e-01 7.011633698159444039e-01 -1.594939632637200067e+00 5.994632539866874277e-01
-4.637920581865244141e-01 -3.181713157626362420e-01 4.167558895686385712e-01 7.269813339436657917e-02
-3.507079879176210890e-01 3.262875498921126716e-01 -6.848654302361664170e-01 2.549426659409981255e-01
2.186608925103013523e-01 -9.186738030878445205e-01 -7.969457503895749362e-02 -1.161857265185678792e-02
1.397242728137862100e+00 2.715038302327852926e-01 -5.613013185205937422e-03 -5.628457551739661779e-01
1.004089188705176827e+00 -9.752074490182798261e-01 -1.102504653115167210e+00 3.687430408947215410e-01
-8.618596122359082345e-01 -8.110118671906709764e-01 3.553912281383540539e-01 3.398581920212778718e-01
-5.200569969209009047e-01 -3.623087378504558087e-01 -6.433234889156574932e-01 1.234614621797965051e-01
-5.202469125223100344e-01 -1.714711489142683731e-01 -1.159638067888595581e+00 -3.190727496616425074e-01
2.744476563113562584e-01 9.392355232466620407e-02 -6.344449220176957560e-01 9.853712570408852678e-02
-4.223128527765395157e-01 -6.967105588477541245e-01 3.426147044746341574e-01 -1.785516225779387178e-01
3.506282074604470389e-01 -1.076963232292909300e-01 4.353702089165924910e-02 5.281584248089973149e-02
3.964490528310864875e-02 -4.913635698672843555e-01 -5.210097710143846150e-01 -2.022667922871866364e-01
-5.829309517194449786e-01 -1.834976325561092914e-01 3.864876654191742311e-01 -1.628547355744151548e-01
-3.109822934208233969e-02 -2.876517028900800119e-02 3.042030916570632668e-02 -2.756593721657125129e-01
3.962522716430887382e-01 3.032150978647803474e-01 -7.608544894465003594e-01 -2.250112295294990072e-01
-2.041941141043939756e-01 -6.421234845279077952e-02 -1.287554622209317490e+00 2.047428067403624444e-02
2.861667035182428598e-01 1.874798639902413300e-01 1.434580808820815588e-02 1.172661688679545733e-01
-7.822015826242583181e-01 4.081562405151661216e-02 -2.158065122514950251e-01 -7.317777641736658012e-01
-2.272535353040699285e-02 1.872697089884713395e-01 -2.883552360970657591e-01 -8.884949975968337021e-02
1.914684465550708370e-01 -1.961549120289639847e-01 1.860876314841120038e-01 -5.921216115304283045e-01
1.742943092979568342e-01 3.863580827499710768e-01 -4.596438824135049006e-01 1.135619453922248473e-01
-1.882403296834060935e-01 2.892174181583098691e-01 -4.946809031925358119e-02 1.685274005415207943e-01
3.615560426599395694e-01 9.231318815924578480e-01 1.079769762145139644e+00 -5.322576915849414059e-01
-1.023249602847135092e-02 -5.213064139236734951e-01 1.886870346426093026e-01 -5.722327256434142084e-01
-2.823446312099759867e-02 -7.354752666976410724e-01 5.782264731850838418e-02 7.661488026841495325e-02
-4.296365545680266296e-01 4.833791142702948407e-01 -5.291851660847989303e-01 -4.342935088475700089e-01
7.367755806932017870e-02 2.540288142913160740e-01 -7.186190558311096321e-01 -4.307023871995526165e-01
7.432291537761542832e-01 2.613890927298031519e-01 -1.626046520955595764e-01 -1.562139463038992038e-01
1.491353221564055975e-01 -3.211639446754621652e-01 -8.323270552414651080e-01 -5.967242329503384957e-01
3.768654884336840594e-01 1.034461969383134061e+00 -2.234922691954677187e-02 -3.207250385398749404e-03
4.155250308833547401e-01 6.448324509872397359e-01 -3.977776150952625628e-02 2.813868940900955962e-01
4.386048263377518852e-01 2.494632253887834605e-01 5.405287878453457484e-02 -7.307152861385292075e-01
1.199224908171269144e+00 2.236697306650164696e-01 1.565111458024629476e-01 4.560203097103968650e-01
1.102768134444165604e-01 8.184493231487942333e-02 -5.730979514893248528e-01 -2.597552848073495513e-01
-6.064009090182859163e-01 1.478669103483124969e+00 1.296717729740516911e-01 8.772351158812417837e-02
-1.571740443669457366e-01 -3.193908700625321950e-01 -3.227921095397803808e-02 -4.610763925308987154e-01
7.035556703177399396e-02 -1.047890395414674547e-01 1.008214957969338688e+00 8.287312308373535885e-02
3.935919938730095824e-01 2.518382384644463415e-02 4.096149203834173469e-01 -8.537254588806183486e-01
3.512186850512566405e-01 2.738847827291869819e-01 -5.394652942309039467e-01 3.066101719650108914e-01
1.312987462149409756e-01 -3.978462012171471440e-01 -1.056762876339382151e+00 1.565372048145978467e-01
-7.281037664790487307e-01 -6.635538363914093019e-01 1.650676166955841184e-01 4.795921560407876982e-01
6.109377034472894819e-01 6.493103790506690176e-01 -3.362796649835398388e-01 8.162041313080192761e-02
-2.029596718532719057e-01 -2.982486172534864477e-01 3.688248126477116640e-01 -1.134417666418634063e+00
-4.024856934010241638e-02 1.734231871014337845e-01 -4.878329537506865266e-01 -1.124945877093036228e-01
5.873229914895675696e-01 -4.676739446985476167e-01 4.794414731812473018e-01 -2.621217949341512754e-01
-3.054462277214657906e-01 9.345195751928106476e-02 -2.089432157594076911e-01 -2.325939467234372782e-01
1.738574707862410862e-01 1.891308745890312171e-01 -2.695782305000498646e-01 -2.700012312448671903e-01
7.722412791985434621e-01 -5.012188824972910739e-01 3.497553536942589192e-01 3.572262533457570277e-01
1.766974070826289600e-01 3.451504457204281340e-01 -6.055025740482627983e-01 -1.980004110475616086e-01
3.694638353799054586e-01 -2.188297271296743285e-01 -7.874266197124099032e-01 -4.825102501848991393e-02
6.194965356833604941e-01 -3.504479984451689539e-02 -6.939973502300421371e-02 -7.815076498111306336e-02
2.418891053483626374e-01 -2.943533999172809335e-01 -1.429428994076013537e-01 -1.894851379018305804e-01
-1.507495298497214531e-01 -8.956832100618767889e-01 -3.184445135250316139e-01 -3.795894253672905949e-02
7.280193525002451871e-01 -1.226152676923628476e-01 -8.657466238097807354e-01 -6.250888343331628683e-01
5.710498949111980638e-01 -1.105563466578199372e-02 5.400028782309591602e-01 7.772724309698425538e-01
3.493609037770108450e-01 2.923514990371137157e-02 -9.553926679851069970e-02 -3.398926387416559280e-01
3.799720415162987086e-01 1.699857753053098663e-01 -1.836614718869600260e-01 8.022039209309340668e-01
-7.325835907115570977e-01 -4.140184597601085370e-01 7.708815182795613064e-01 -2.297233617450984144e-01
1.356362898219312385e-01 6.169918500603043254e-01 -1.237468258334172150e-01 1.144986053541445115e+00
3.153904343856271664e-02 -6.541515134625270900e-01 -1.992611279385766987e-01 9.973729016108538736e-02
2.824834993106522529e-01 3.417175410634573085e-01 -1.716398388641256489e-01 -2.163782549255910681e-01
-6.144372250711392924e-01 8.785259886349681135e-01 1.951485450954863754e-01 7.985261392190154961e-01
-1.948618929478458661e-01 -9.987076180923087909e-01 -1.029533412294821038e-01 4.395189381603222811e-01
-8.944109382168956568e-01 -3.120461935139924869e-01 9.706437525810032163e-01 1.932016792944392380e-01
6.313618012060218110e-01 -2.555742613927639573e-01 5.446359992641471720e-02 1.494840422410942671e-01
4.294476827325925394e-01 1.724650931479138616e-01 3.599719580845120448e-01 1.134779572075722692e-01
-7.111517317797467763e-01 -2.333489128664045786e-01 9.698815668664900747e-01 2.991297660048278795e-01
1.348516281449054499e-01 -3.326304746804870094e-01 5.139194722143638483e-01 4.382696843141466181e-02
-7.125620788275132123e-01 -7.697382033966241321e-01 -3.001158082166732397e-02 -8.910107115502441388e-01
4.632999788943116815e-01 -6.854410193259810047e-01 1.179659646314487331e-01 -1.316588569171679157e-01
-3.121454911256356657e-01 2.674550873869458445e-01 2.410692376946576426e-02 1.421708385599505797e-01
-1.568043177671494537e-01 -1.117924247834514856e-01 -4.315440038287410851e-01 7.717731637124113364e-01
-1.846844220257029823e-01 -2.315061972189831341e-01 2.065537539516403287e-01 -2.491643023332964224e-01
-2.265614595998372283e-01 4.767267605251552243e-01 -9.794383257599212356e-02 -6.708791406382060840e-01
2.762260590401843241e-01 1.110219697917819826e+00 -2.280086707118477163e-01 -5.645181162402307384e-01
-3.116658231196380857e-01 5.570400848110881320e-01 -2.399934203429153756e-01 -1.334557497866080966e-01
-2.678037577224801069e-01 1.481943800945484113e-01 -9.516773144329566947e-02 1.038266612149050028e+00
3.611072629131423795e-01 3.136521948148663363e-01 -4.245599677086747681e-02 4.843331662858241793e-01
-7.070816910568832325e-01 -4.154795922561694416e-02 7.479398929599641033e-01 4.037788084893738638e-01
3.022851443152715367e-01 -5.784687467876878930e-01 -3.311373793653527575e-01 4.749161359181974240e-01
1.267627338161573525e-01 -2.417256404807321402e-01 5.555463342753234196e-02 1.197670443681396468e-01
-4.251734193395631523e-01 -1.436380822972017912e-02 3.559229061309677200e-01 -1.184946858226420652e+00
-1.005639907523274701e+00 -2.895245558596192814e-01 6.479537949675777675e-01 -5.089832956198798719e-01
-4.925020682798628702e-01 -9.475726180876925531e-01 -3.211380042727191575e-01 3.504062518352787925e-01
-6.840672528624192061e-01 -3.492844227571945126e-01 4.112054496748657750e-01 1.031941761697163090e-01
-5.823361153635689957e-01 -1.021461678962689162e-01 3.575899698757449285e-01 -3.932329482191714853e-01
